[app/ui]
version = 9.1.2
modtime = 1702723043.483424000

[app/launcher]
version = 9.1.2
modtime = 1702723043.484342000
